kmer,p_1,p_2,p_3
AAAAA,0.241657113541,0.638910987807,0.119431898652
AAAAC,0.223749152587,0.625058896205,0.151191951208
AAAAG,0.253565890723,0.656152372255,0.0902817370223
AAAAT,0.166398328808,0.725415260618,0.108186410574
AAACA,0.254847759605,0.613206682786,0.131945557609
AAACC,0.22947302526,0.62598178454,0.144545190199
AAACG,0.00001,0.00001,0.00001
AAACT,0.277988027739,0.454914582076,0.267097390185
AAAGA,0.214217317681,0.679162552085,0.106620130234
AAAGC,0.248651813596,0.599469944136,0.151878242268
AAAGG,0.1781966521,0.701838610267,0.119964737633
AAAGT,0.00001,0.00001,0.00001
AAATA,0.199960210019,0.61969688812,0.180342901862
AAATC,0.131596071101,0.768493406464,0.0999105224349
AAATG,0.323655876894,0.324180933274,0.352163189832
AAATT,0.00001,0.00001,0.00001
AACAA,0.173204567406,0.307450324565,0.519345108029
AACAC,0.215653794949,0.179218233573,0.605127971478
AACAG,0.210247214993,0.179420602377,0.61033218263
AACAT,0.177618610744,0.14684175052,0.675539638736
AACCA,0.106162547973,0.245994509764,0.647842942262
AACCC,0.124977443042,0.162840826634,0.712181730324
AACCG,0.117256064445,0.340038142478,0.542705793078
AACCT,0.00001,0.00001,0.00001
AACGA,0.00001,0.00001,0.00001
AACGC,0.151899696948,0.192193201841,0.655907101211
AACGG,0.00001,0.00001,0.00001
AACGT,0.00001,0.00001,0.00001
AACTA,0.182725663884,0.379248995932,0.438025340184
AACTC,0.0988224760768,0.278264585719,0.622912938205
AACTG,0.121609101445,0.227138794199,0.651252104357
AACTT,0.00001,0.00001,0.00001
AAGAA,0.420567123709,0.416277059694,0.163155816597
AAGAC,0.477192356525,0.217338216869,0.305469426606
AAGAG,0.377275932793,0.427688433412,0.195035633795
AAGAT,0.575047328802,0.229774349099,0.195178322099
AAGCA,0.395746178201,0.453668049908,0.150585771891
AAGCC,0.343973991521,0.396533712954,0.259492295525
AAGCG,0.538252404211,0.303839266698,0.157908329091
AAGCT,0.484373122508,0.376020252806,0.139606624686
AAGGA,0.497404171916,0.255791517066,0.246804311018
AAGGC,0.382015526151,0.295499279029,0.32248519482
AAGGG,0.407046642067,0.284454846741,0.308498511193
AAGGT,0.664915134903,0.196932388184,0.138152476914
AAGTA,0.516014796282,0.325884148394,0.158101055323
AAGTC,0.286943401334,0.452166274865,0.260890323801
AAGTG,0.00001,0.00001,0.00001
AAGTT,0.505236304497,0.347542727055,0.147220968448
AATAA,0.373702735593,0.265890051742,0.360407212666
AATAC,0.449475102045,0.249167823605,0.30135707435
AATAG,0.244582276056,0.504413563651,0.251004160293
AATAT,0.350551890102,0.284364479725,0.365083630173
AATCA,0.210332539904,0.360461448938,0.429206011158
AATCC,0.242289358201,0.194791302967,0.562919338832
AATCG,0.342869435317,0.228567323875,0.428563240808
AATCT,0.223881691513,0.41910935565,0.357008952837
AATGA,0.22392662371,0.266546619041,0.509526757248
AATGC,0.154148296586,0.63318217874,0.212669524674
AATGG,0.219933548371,0.530740234906,0.249326216723
AATGT,0.318520227052,0.386784720462,0.294695052487
AATTA,0.342712929844,0.256715142274,0.400571927882
AATTC,0.124268808892,0.683431969718,0.19229922139
AATTG,0.107584761294,0.665322032535,0.227093206171
AATTT,0.120379229554,0.604918840464,0.274701929982
ACAAA,0.302521957139,0.476279487595,0.221198555266
ACAAC,0.276445253014,0.535096666185,0.188458080802
ACAAG,0.312701243638,0.479293535218,0.208005221144
ACAAT,0.163827129765,0.692723340447,0.143449529788
ACACA,0.201784523833,0.497727746643,0.300487729523
ACACC,0.352672892533,0.365403404147,0.28192370332
ACACG,0.13899774354,0.453389641868,0.407612614593
ACACT,0.302865246778,0.445665909302,0.25146884392
ACAGA,0.407657641627,0.410606521932,0.181735836441
ACAGC,0.251431953882,0.551793497411,0.196774548707
ACAGG,0.39445731279,0.36825838362,0.23728430359
ACAGT,0.235115498141,0.629768017772,0.135116484087
ACATA,0.301773325937,0.402061642115,0.296165031948
ACATC,0.242928587819,0.540271973749,0.216799438433
ACATG,0.307722573314,0.27050607591,0.421771350776
ACATT,0.259842635924,0.515115049816,0.22504231426
ACCAA,0.328412581928,0.34012681366,0.331460604412
ACCAC,0.269155286742,0.214811602646,0.516033110612
ACCAG,0.267118774306,0.334402497989,0.398478727705
ACCAT,0.345240612298,0.228854283629,0.425905104073
ACCCA,0.253757276511,0.443714010901,0.302528712587
ACCCC,0.308686518546,0.272087658533,0.419225822921
ACCCG,0.307524717852,0.280963653886,0.411511628263
ACCCT,0.345122241252,0.265854243569,0.389023515179
ACCGA,0.206437920336,0.35770256587,0.435859513794
ACCGC,0.286547929756,0.27713824856,0.436313821684
ACCGG,0.244499893024,0.218280798835,0.537219308142
ACCGT,0.18258517181,0.175550643904,0.641864184286
ACCTA,0.270409539706,0.264443260093,0.465147200201
ACCTC,0.262994945283,0.329020703055,0.407984351663
ACCTG,0.179682799997,0.269761599127,0.550555600876
ACCTT,0.212494719253,0.285841705411,0.501663575336
ACGAA,0.596779528577,0.250859453718,0.152361017705
ACGAC,0.389948981474,0.215485544235,0.39456547429
ACGAG,0.46837470905,0.337487153151,0.194138137799
ACGAT,0.00001,0.00001,0.00001
ACGCA,0.533300140883,0.17121721234,0.295482646778
ACGCC,0.543692867874,0.130982580245,0.325324551881
ACGCG,0.573126195947,0.186106949737,0.240766854316
ACGCT,0.577561423412,0.247875558123,0.174563018465
ACGGA,0.503190573977,0.160396151575,0.336413274449
ACGGC,0.445287755156,0.28526829031,0.269443954534
ACGGG,0.00001,0.00001,0.00001
ACGGT,0.265456840575,0.566801707966,0.167741451458
ACGTA,0.415806838046,0.289981622245,0.294211539709
ACGTC,0.387153032116,0.400401452951,0.212445514932
ACGTG,0.00001,0.00001,0.00001
ACGTT,0.516076292189,0.147815424703,0.336108283108
ACTAA,0.453933831396,0.225658258516,0.320407910089
ACTAC,0.216093505592,0.462105178685,0.321801315723
ACTAG,0.24082567781,0.576271351423,0.182902970767
ACTAT,0.239506868398,0.447268383658,0.313224747944
ACTCA,0.342209661001,0.167787830274,0.490002508725
ACTCC,0.220837183509,0.211183136399,0.567979680091
ACTCG,0.0835960586306,0.853344436155,0.0630595052144
ACTCT,0.159305552193,0.435750672314,0.404943775493
ACTGA,0.260028164683,0.395012323257,0.344959512061
ACTGC,0.161801728719,0.384924169546,0.453274101734
ACTGG,0.154802759853,0.371090707864,0.474106532283
ACTGT,0.160238027727,0.230875764096,0.608886208178
ACTTA,0.158754818712,0.344857407129,0.496387774159
ACTTC,0.258602224816,0.253743507642,0.487654267543
ACTTG,0.218745595053,0.266842336419,0.514412068528
ACTTT,0.15662322343,0.684141456576,0.159235319994
AGAAA,0.344868487233,0.575310529519,0.0798209832487
AGAAC,0.164492385172,0.718643517082,0.116864097747
AGAAG,0.00001,0.00001,0.00001
AGAAT,0.437436381861,0.250897316306,0.311666301833
AGACA,0.34689509199,0.467457843622,0.185647064388
AGACC,0.628493161365,0.224864220003,0.146642618631
AGACG,0.16442612681,0.242400640474,0.593173232716
AGACT,0.491444026156,0.339841855378,0.168714118466
AGAGA,0.151040785987,0.778080647503,0.0708785665096
AGAGC,0.337387344736,0.537169397094,0.125443258171
AGAGG,0.458565760374,0.336013617313,0.205420622312
AGAGT,0.166467562285,0.749293490904,0.0842389468115
AGATA,0.273629776807,0.495687620449,0.230682602744
AGATC,0.318133310913,0.441225722853,0.240640966233
AGATG,0.280991462403,0.520631224068,0.198377313529
AGATT,0.160862481585,0.737863149398,0.101274369017
AGCAA,0.183853564417,0.408564083969,0.407582351614
AGCAC,0.246432879585,0.203657555905,0.54990956451
AGCAG,0.207161654066,0.211141290885,0.581697055049
AGCAT,0.202239033027,0.187032568509,0.610728398463
AGCCA,0.128837664017,0.567279758847,0.303882577136
AGCCC,0.148899840796,0.174065649139,0.677034510065
AGCCG,0.154925704716,0.184837928872,0.660236366412
AGCCT,0.177172448468,0.240866170789,0.581961380743
AGCGA,0.344872042554,0.203588464583,0.451539492863
AGCGC,0.228657595994,0.221403801356,0.54993860265
AGCGG,0.147761416715,0.155690593099,0.696547990187
AGCGT,0.125986496935,0.349152246479,0.524861256587
AGCTA,0.129623937999,0.263943857654,0.606432204346
AGCTC,0.0845916139469,0.340621194616,0.574787191437
AGCTG,0.106178110894,0.182573838494,0.711248050612
AGCTT,0.181511245681,0.357269645524,0.461219108795
AGGAA,0.496235887764,0.262837587727,0.24092652451
AGGAC,0.367474215664,0.290456674757,0.342069109579
AGGAG,0.13764426462,0.576446727104,0.285909008276
AGGAT,0.548373146884,0.257800572813,0.193826280303
AGGCA,0.603867816802,0.173712385408,0.222419797791
AGGCC,0.442807406752,0.290723879558,0.26646871369
AGGCG,0.437112172875,0.359169106346,0.203718720778
AGGCT,0.548652514324,0.286057185395,0.165290300281
AGGGA,0.511220836808,0.253602540165,0.235176623027
AGGGC,0.43079514406,0.194146990915,0.375057865025
AGGGG,0.469690627017,0.259644465509,0.270664907474
AGGGT,0.677292202403,0.143289235406,0.17941856219
AGGTA,0.273353242851,0.483164943495,0.243481813654
AGGTC,0.336317815465,0.344083674246,0.319598510289
AGGTG,0.445377058033,0.25329466052,0.301328281447
AGGTT,0.543378003584,0.359593830215,0.0970281662012
AGTAA,0.290592879842,0.445840957607,0.26356616255
AGTAC,0.345015164429,0.381765154836,0.273219680735
AGTAG,0.251068710141,0.47315734615,0.275773943709
AGTAT,0.211380193951,0.596967930967,0.191651875082
AGTCA,0.151520459551,0.454789293814,0.393690246634
AGTCC,0.243515484971,0.296878479225,0.459606035803
AGTCG,0.132834860695,0.473257539951,0.393907599353
AGTCT,0.175488795618,0.510167152082,0.314344052301
AGTGA,0.249802171638,0.340731840074,0.409465988287
AGTGC,0.329836996538,0.395718126726,0.274444876735
AGTGG,0.21733660313,0.337548673233,0.445114723637
AGTGT,0.213482131942,0.457789701454,0.328728166604
AGTTA,0.238488995113,0.470000854969,0.291510149918
AGTTC,0.256662333853,0.236699462421,0.506638203726
AGTTG,0.124893367794,0.58966098781,0.285445644396
AGTTT,0.209131487918,0.252263130173,0.538605381909
ATAAA,0.364848109884,0.51157371499,0.123578175126
ATAAC,0.338668377717,0.43383208262,0.227499539663
ATAAG,0.281835218682,0.578878964106,0.139285817212
ATAAT,0.237874278612,0.427741527655,0.334384193733
ATACA,0.352861273064,0.183105992651,0.464032734285
ATACC,0.210556194664,0.472602446849,0.316841358487
ATACG,0.322165147604,0.177730715856,0.50010413654
ATACT,0.230500344585,0.20462880692,0.564870848495
ATAGA,0.216127402036,0.57112951728,0.212743080685
ATAGC,0.172023144871,0.660210129379,0.16776672575
ATAGG,0.262092323774,0.355498116676,0.38240955955
ATAGT,0.278002006373,0.622363650548,0.0996343430785
ATATA,0.30962005663,0.339893706933,0.350486236437
ATATC,0.203450385187,0.465131083834,0.33141853098
ATATG,0.347110947938,0.217834439274,0.435054612788
ATATT,0.211334923673,0.14125727171,0.647407804617
ATCAA,0.266911949106,0.346922095809,0.386165955085
ATCAC,0.177038397628,0.0666860269262,0.756275575445
ATCAG,0.256292781172,0.267607795189,0.476099423639
ATCAT,0.22993417743,0.441100271345,0.328965551225
ATCCA,0.278088119375,0.271984056271,0.449927824354
ATCCC,0.266679486858,0.280472202555,0.452848310587
ATCCG,0.241910229564,0.150060872186,0.60802889825
ATCCT,0.225716557131,0.430571213351,0.343712229519
ATCGA,0.262225419571,0.314129822008,0.423644758421
ATCGC,0.313093923362,0.247958059359,0.43894801728
ATCGG,0.304067618713,0.255043243458,0.44088913783
ATCGT,0.289735233501,0.426800444557,0.283464321942
ATCTA,0.1795262439,0.304974913824,0.515498842276
ATCTC,0.207751557305,0.211792843944,0.58045559875
ATCTG,0.180027750403,0.109767138491,0.710205111106
ATCTT,0.209187508465,0.451687961651,0.339124529884
ATGAA,0.396933213785,0.329236747683,0.273830038532
ATGAC,0.330955719969,0.25269472138,0.41634955865
ATGAG,0.296230223569,0.350131785802,0.35363799063
ATGAT,0.550309573912,0.235674201862,0.214016224226
ATGCA,0.545560550056,0.238931641667,0.215507808277
ATGCC,0.309546714043,0.281668162287,0.40878512367
ATGCG,0.397613117714,0.166971597444,0.435415284842
ATGCT,0.416643111071,0.271407069249,0.31194981968
ATGGA,0.453299201775,0.18227389795,0.364426900275
ATGGC,0.337076174923,0.295539870587,0.36738395449
ATGGG,0.471262815467,0.174781415601,0.353955768932
ATGGT,0.442963128505,0.376423647407,0.180613224088
ATGTA,0.512907338819,0.264814077936,0.222278583245
ATGTC,0.42113730044,0.252279936938,0.326582762622
ATGTG,0.393651928189,0.321353363905,0.284994707906
ATGTT,0.553751854459,0.245379601026,0.200868544514
ATTAA,0.227190713513,0.45452387414,0.318285412347
ATTAC,0.187668858288,0.433653690405,0.378677451307
ATTAG,0.231451487764,0.544184022669,0.224364489567
ATTAT,0.185530444587,0.600344799325,0.214124756088
ATTCA,0.194276618989,0.411300222674,0.394423158338
ATTCC,0.208534716969,0.277106711527,0.514358571503
ATTCG,0.139327876535,0.298368204052,0.562303919413
ATTCT,0.367185847121,0.314983124681,0.317831028198
ATTGA,0.200628618971,0.529020842533,0.270350538496
ATTGC,0.13768590284,0.683058124544,0.179255972616
ATTGG,0.198535570803,0.396708101713,0.404756327485
ATTGT,0.103949965025,0.519347365154,0.376702669821
ATTTA,0.182934142199,0.517945438587,0.299120419214
ATTTC,0.0597455805893,0.850722920228,0.0895314991832
ATTTG,0.00001,0.00001,0.00001
ATTTT,0.10928810437,0.568393859169,0.322318036462
CAAAA,0.28039276469,0.606802674721,0.112804560589
CAAAC,0.273543246472,0.550913059465,0.175543694063
CAAAG,0.240112934036,0.677265594731,0.0826214712325
CAAAT,0.306695815087,0.610214450372,0.083089734541
CAACA,0.283901686096,0.559511764688,0.156586549216
CAACC,0.283731646119,0.59596740522,0.120300948662
CAACG,0.282927737758,0.552232596411,0.164839665831
CAACT,0.43716031608,0.391127684576,0.171711999345
CAAGA,0.166044865116,0.713426276073,0.120528858811
CAAGC,0.215637486457,0.645874068117,0.138488445426
CAAGG,0.332151337036,0.535641292918,0.132207370046
CAAGT,0.420502559825,0.445221829869,0.134275610306
CAATA,0.304655906932,0.52759161762,0.167752475449
CAATC,0.253390487754,0.640115923581,0.106493588665
CAATG,0.355037887139,0.474174627702,0.170787485159
CAATT,0.34803953925,0.411230548693,0.240729912056
CACAA,0.252943239811,0.244041772281,0.503014987908
CACAC,0.38982054321,0.234544820023,0.375634636767
CACAG,0.3065522948,0.459532746254,0.233914958946
CACAT,0.363953107337,0.219870335692,0.416176556971
CACCA,0.196330321214,0.351462980337,0.452206698449
CACCC,0.213855148179,0.422586839644,0.363558012177
CACCG,0.18112685805,0.548537728505,0.270335413445
CACCT,0.236694248295,0.416923438321,0.346382313385
CACGA,0.420618639797,0.297685812315,0.281695547888
CACGC,0.170374002778,0.131634393272,0.69799160395
CACGG,0.425222555709,0.265885166338,0.308892277954
CACGT,0.286143567642,0.28398414222,0.429872290138
CACTA,0.232813174809,0.473875202778,0.293311622414
CACTC,0.271394472013,0.419703531351,0.308901996637
CACTG,0.166783182903,0.4744616635,0.358755153597
CACTT,0.287643187986,0.515634534779,0.196722277235
CAGAA,0.438408960136,0.38355440684,0.178036633025
CAGAC,0.47869512621,0.292259838825,0.229045034965
CAGAG,0.559024202006,0.201777614012,0.239198183982
CAGAT,0.529821524239,0.232793270637,0.237385205124
CAGCA,0.00001,0.00001,0.00001
CAGCC,0.568025746181,0.24817851894,0.183795734879
CAGCG,0.615916943754,0.223950988921,0.160132067325
CAGCT,0.623693314347,0.275232872745,0.101073812909
CAGGA,0.513896730765,0.305265609966,0.180837659269
CAGGC,0.403321431225,0.291871163524,0.304807405251
CAGGG,0.398138495177,0.343235332045,0.258626172778
CAGGT,0.569323009308,0.25707252641,0.173604464282
CAGTA,0.507777137017,0.349420909677,0.142801953306
CAGTC,0.673192236571,0.180251778471,0.146555984957
CAGTG,0.417403216793,0.435958443769,0.146638339438
CAGTT,0.528075579594,0.323811307756,0.148113112649
CATAA,0.215797643338,0.527713336901,0.256489019761
CATAC,0.273751224334,0.421664320933,0.304584454732
CATAG,0.268700939561,0.448188937847,0.283110122593
CATAT,0.32058160121,0.40727004364,0.272148355151
CATCA,0.167657693163,0.524385441926,0.307956864912
CATCC,0.297786637931,0.27615902357,0.4260543385
CATCG,0.195698876299,0.45571673379,0.348584389911
CATCT,0.202315908972,0.366585604011,0.431098487018
CATGA,0.193859790215,0.302558174109,0.503582035676
CATGC,0.158878117188,0.389089914398,0.452031968414
CATGG,0.197199729787,0.372449834626,0.430350435587
CATGT,0.1575256748,0.639228673357,0.203245651843
CATTA,0.214358935644,0.223616797261,0.562024267096
CATTC,0.506133299289,0.17642756921,0.317439131501
CATTG,0.08247183964,0.730894017606,0.186634142754
CATTT,0.262381407565,0.294966666822,0.442651925613
CCAAA,0.233753615961,0.693828076919,0.0724183071194
CCAAC,0.27113919728,0.458269715625,0.270591087094
CCAAG,0.349614314394,0.596989763554,0.0533959220516
CCAAT,0.263013926777,0.605674181944,0.131311891279
CCACA,0.224797156038,0.587372631126,0.187830212835
CCACC,0.409817151069,0.328449197459,0.261733651472
CCACG,0.134518700566,0.596096003254,0.269385296179
CCACT,0.55026951082,0.29335769584,0.156372793339
CCAGA,0.56153165587,0.314087455394,0.124380888736
CCAGC,0.362621653978,0.446074445821,0.191303900201
CCAGG,0.403806501667,0.410141264812,0.186052233521
CCAGT,0.218000570595,0.498439983897,0.283559445509
CCATA,0.257963461285,0.50827941642,0.233757122296
CCATC,0.213030828719,0.652720284277,0.134248887003
CCATG,0.388784855295,0.289018772609,0.322196372095
CCATT,0.351348044682,0.280842541823,0.367809413495
CCCAA,0.284815922148,0.183773547401,0.531410530452
CCCAC,0.321971203207,0.301620649773,0.37640814702
CCCAG,0.468924379211,0.236587657929,0.29448796286
CCCAT,0.532841435086,0.210737478174,0.25642108674
CCCCA,0.393482259687,0.324502151178,0.282015589135
CCCCC,0.328215193345,0.2421288619,0.429655944755
CCCCG,0.425070995326,0.286043438449,0.288885566225
CCCCT,0.443677579215,0.285987784191,0.270334636593
CCCGA,0.517712774372,0.32666157809,0.155625647538
CCCGC,0.27314030631,0.272024955318,0.454834738373
CCCGG,0.240161135288,0.548643402098,0.211195462614
CCCGT,0.42308208977,0.233342427821,0.343575482409
CCCTA,0.327515484697,0.28940558887,0.383078926433
CCCTC,0.283369432908,0.347207988916,0.369422578176
CCCTG,0.281849400484,0.325121284682,0.393029314834
CCCTT,0.268127036999,0.365421792623,0.366451170379
CCGAA,0.00001,0.00001,0.00001
CCGAC,0.590837904499,0.162458770203,0.246703325297
CCGAG,0.447388049905,0.235461724519,0.317150225576
CCGAT,0.418540121803,0.156456395041,0.425003483155
CCGCA,0.638305889031,0.0874098646123,0.274284246357
CCGCC,0.298736119426,0.378907223972,0.322356656602
CCGCG,0.54313727847,0.186490625282,0.270372096248
CCGCT,0.448458168305,0.332957035732,0.218584795963
CCGGA,0.417196208999,0.226348680975,0.356455110026
CCGGC,0.463908530366,0.249266049212,0.286825420422
CCGGG,0.333032868316,0.360887192926,0.306079938758
CCGGT,0.552446626097,0.133342509432,0.31421086447
CCGTA,0.620501728013,0.215011238167,0.16448703382
CCGTC,0.32405305975,0.359099601906,0.316847338344
CCGTG,0.675726393776,0.203267454843,0.12100615138
CCGTT,0.827397717699,0.0961678343153,0.0764344479861
CCTAA,0.283993388093,0.390123789514,0.325882822393
CCTAC,0.306845165403,0.36670122288,0.326453611717
CCTAG,0.202060825318,0.559602872027,0.238336302655
CCTAT,0.218119797566,0.513855976181,0.268024226254
CCTCA,0.176677064743,0.402975449523,0.420347485734
CCTCC,0.220747183256,0.283178605308,0.496074211435
CCTCG,0.167392161305,0.348748107658,0.483859731037
CCTCT,0.15492544719,0.462772278055,0.382302274756
CCTGA,0.175767185766,0.23281506689,0.591417747344
CCTGC,0.145193945056,0.403848551902,0.450957503042
CCTGG,0.0721394178901,0.164818199234,0.763042382876
CCTGT,0.130280866666,0.351806959659,0.517912173675
CCTTA,0.223693398281,0.229057184356,0.547249417363
CCTTC,0.133983154293,0.625400602034,0.240616243673
CCTTG,0.185147711398,0.472771988885,0.342080299718
CCTTT,0.174701442952,0.580033473633,0.245265083416
CGAAA,0.386993961156,0.410883524077,0.202122514767
CGAAC,0.119041246996,0.804742501774,0.0762162512297
CGAAG,0.350091460572,0.535562654953,0.114345884476
CGAAT,0.494476261253,0.382216856564,0.123306882183
CGACA,0.00001,0.00001,0.00001
CGACC,0.00001,0.00001,0.00001
CGACG,0.00001,0.00001,0.00001
CGACT,0.495735929056,0.401567020746,0.102697050199
CGAGA,0.290277562079,0.610355389079,0.0993670488419
CGAGC,0.157383204236,0.733779515424,0.10883728034
CGAGG,0.369670775977,0.545469889827,0.0848593341962
CGAGT,0.375609311142,0.495713125342,0.128677563516
CGATA,0.00001,0.00001,0.00001
CGATC,0.175039709457,0.749970441508,0.0749898490346
CGATG,0.00001,0.00001,0.00001
CGATT,0.405673396247,0.446823994605,0.147502609148
CGCAA,0.00001,0.00001,0.00001
CGCAC,0.518812974274,0.29303767683,0.188149348896
CGCAG,0.322169525854,0.366740211863,0.311090262283
CGCAT,0.274589761548,0.332101962724,0.393308275727
CGCCA,0.271920128406,0.360413427609,0.367666443985
CGCCC,0.321940959282,0.138906402473,0.539152638245
CGCCG,0.397167154145,0.231370864221,0.371461981634
CGCCT,0.196642144772,0.180027197787,0.623330657441
CGCGA,0.229761612678,0.132521814146,0.637716573175
CGCGC,0.273205748424,0.0912435784365,0.63555067314
CGCGG,0.411795593843,0.283236662938,0.304967743219
CGCGT,0.609561316993,0.217481312874,0.172957370133
CGCTA,0.268332379388,0.280751984658,0.450915635954
CGCTC,0.592546176842,0.187011249779,0.220442573379
CGCTG,0.129554836947,0.5306601182,0.339785044854
CGCTT,0.123342076955,0.536815403172,0.339842519873
CGGAA,0.56756382335,0.257906399197,0.174529777453
CGGAC,0.499503194287,0.182175232796,0.318321572917
CGGAG,0.190759092379,0.486693291751,0.32254761587
CGGAT,0.435965000422,0.317030806711,0.247004192866
CGGCA,0.406914625542,0.418719856309,0.174365518149
CGGCC,0.434808301368,0.153454976494,0.411736722138
CGGCG,0.00001,0.00001,0.00001
CGGCT,0.446753306247,0.372549854353,0.1806968394
CGGGA,0.546515870272,0.211999989954,0.241484139775
CGGGC,0.151071153974,0.384969844084,0.463959001942
CGGGG,0.357271614576,0.320458403946,0.322269981478
CGGGT,0.400227098571,0.24954179082,0.350231110609
CGGTA,0.549460235803,0.314405813921,0.136133950276
CGGTC,0.321878415682,0.254490507924,0.423631076393
CGGTG,0.519788263172,0.293936324091,0.186275412737
CGGTT,0.420068517209,0.491109260721,0.0888222220701
CGTAA,0.00001,0.00001,0.00001
CGTAC,0.20868393181,0.4960345401,0.29528152809
CGTAG,0.210953776704,0.494599525477,0.294446697819
CGTAT,0.23075015923,0.521730200907,0.247519639863
CGTCA,0.135322350745,0.476991067141,0.387686582114
CGTCC,0.230938561057,0.296328220769,0.472733218173
CGTCG,0.239436185653,0.287434745933,0.473129068414
CGTCT,0.158798319656,0.348663336255,0.492538344089
CGTGA,0.136639358645,0.295660591477,0.567700049878
CGTGC,0.00001,0.00001,0.00001
CGTGG,0.193848019858,0.440889735641,0.365262244501
CGTGT,0.19908975974,0.466497072814,0.334413167446
CGTTA,0.00001,0.00001,0.00001
CGTTC,0.00001,0.00001,0.00001
CGTTG,0.089986988184,0.741261362994,0.168751648822
CGTTT,0.0646190601787,0.64478142208,0.290599517741
CTAAA,0.234520941203,0.584165350634,0.181313708163
CTAAC,0.281712274709,0.554647693928,0.163640031363
CTAAG,0.00001,0.00001,0.00001
CTAAT,0.137058336194,0.598619880433,0.264321783372
CTACA,0.379429105973,0.204953748808,0.415617145218
CTACC,0.259462423328,0.108188851538,0.632348725135
CTACG,0.348252670584,0.197464124959,0.454283204457
CTACT,0.00001,0.00001,0.00001
CTAGA,0.00001,0.00001,0.00001
CTAGC,0.29649831997,0.479828987234,0.223672692796
CTAGG,0.739337179953,0.14306565591,0.117597164137
CTAGT,0.351397642439,0.490870009151,0.15773234841
CTATA,0.385276594709,0.129294232708,0.485429172583
CTATC,0.267957869478,0.341220100701,0.390822029821
CTATG,0.37224181028,0.154632802606,0.473125387114
CTATT,0.425687539486,0.229055896029,0.345256564485
CTCAA,0.352496453731,0.394359093026,0.253144453243
CTCAC,0.329311255489,0.165110220103,0.505578524408
CTCAG,0.420793435896,0.319813050804,0.2593935133
CTCAT,0.35144605561,0.311240918185,0.337313026206
CTCCA,0.376159281545,0.261162884658,0.362677833797
CTCCC,0.389582877256,0.114075899892,0.496341222852
CTCCG,0.337950182817,0.158738876884,0.503310940299
CTCCT,0.343892794792,0.282289975212,0.373817229996
CTCGA,0.0823577570304,0.131360263832,0.786281979137
CTCGC,0.355277298203,0.266549182629,0.378173519169
CTCGG,0.435711970122,0.248254208359,0.316033821518
CTCGT,0.245574269888,0.293885975039,0.460539755073
CTCTA,0.23819822709,0.162922614262,0.598879158648
CTCTC,0.235163882949,0.396203168633,0.368632948418
CTCTG,0.308594146248,0.22377775358,0.467628100172
CTCTT,0.25081867192,0.421114031105,0.328067296975
CTGAA,0.482427368946,0.267674928815,0.249897702239
CTGAC,0.463635516979,0.235049347189,0.301315135832
CTGAG,0.395162176756,0.367761173659,0.237076649585
CTGAT,0.489712653981,0.315233943655,0.195053402364
CTGCA,0.518739375502,0.285348915837,0.19591170866
CTGCC,0.357773884799,0.297131568661,0.34509454654
CTGCG,0.279368928959,0.421062840703,0.299568230337
CTGCT,0.525367160258,0.200785622967,0.273847216775
CTGGA,0.445844720468,0.235472592333,0.318682687199
CTGGC,0.360515494438,0.259924200258,0.379560305304
CTGGG,0.186377119427,0.3053755866,0.508247293973
CTGGT,0.443071191962,0.282487696519,0.274441111519
CTGTA,0.462730837311,0.309350383793,0.227918778896
CTGTC,0.304124770002,0.326341853224,0.369533376774
CTGTG,0.515874143201,0.302371251552,0.181754605248
CTGTT,0.571177429094,0.254555809882,0.174266761024
CTTAA,0.00001,0.00001,0.00001
CTTAC,0.289273859171,0.335341208709,0.37538493212
CTTAG,0.155409989804,0.515919807715,0.328670202481
CTTAT,0.251074260594,0.407797582197,0.341128157209
CTTCA,0.166118038287,0.492997625129,0.340884336585
CTTCC,0.171191805118,0.520676715766,0.308131479116
CTTCG,0.120193025248,0.447717529076,0.432089445676
CTTCT,0.163723150746,0.387066209495,0.449210639758
CTTGA,0.155259875998,0.286648293273,0.558091830729
CTTGC,0.233997105315,0.461869943192,0.304132951493
CTTGG,0.00001,0.00001,0.00001
CTTGT,0.17441384869,0.357829766673,0.467756384637
CTTTA,0.234291533923,0.431668197257,0.33404026882
CTTTC,0.143951707268,0.388740997102,0.46730729563
CTTTG,0.271664814134,0.462817267333,0.265517918533
CTTTT,0.00001,0.00001,0.00001
GAAAA,0.308681738575,0.588494012795,0.10282424863
GAAAC,0.3196983221,0.549724823991,0.130576853909
GAAAG,0.252313688071,0.661177742645,0.0865085692845
GAAAT,0.35769856172,0.371067964523,0.271233473757
GAACA,0.249391702113,0.684275314189,0.0663329836979
GAACC,0.251262330658,0.62992060031,0.118817069032
GAACG,0.00001,0.00001,0.00001
GAACT,0.32519487045,0.552137206986,0.122667922565
GAAGA,0.288505972284,0.600253693802,0.111240333915
GAAGC,0.240584507534,0.649729584518,0.109685907947
GAAGG,0.194483081841,0.709319900145,0.0961970180139
GAAGT,0.204042732812,0.682137511858,0.113819755331
GAATA,0.202108348621,0.582475203611,0.215416447767
GAATC,0.191538045098,0.663899349312,0.14456260559
GAATG,0.274379986658,0.547948309535,0.177671703807
GAATT,0.398720051188,0.319485147339,0.281794801474
GACAA,0.505075367021,0.27386321291,0.221061420068
GACAC,0.420262505566,0.194302061971,0.385435432463
GACAG,0.548765817871,0.249968867021,0.201265315109
GACAT,0.457533752578,0.19619129284,0.346274954582
GACCA,0.321089134374,0.463063531286,0.21584733434
GACCC,0.3948423651,0.313502647117,0.291654987783
GACCG,0.315830157999,0.455959657826,0.228210184175
GACCT,0.300186553523,0.271854089624,0.427959356854
GACGA,0.436835621062,0.343768973434,0.219395405504
GACGC,0.481677832018,0.0925451802548,0.425776987727
GACGG,0.171192685392,0.187053666428,0.64175364818
GACGT,0.00001,0.00001,0.00001
GACTA,0.281949423988,0.349947258792,0.36810331722
GACTC,0.24883375308,0.458995954381,0.292170292539
GACTG,0.272999540942,0.382970687465,0.344029771593
GACTT,0.222861553203,0.413626836248,0.363511610549
GAGAA,0.336721815466,0.512570709545,0.150707474989
GAGAC,0.349054524773,0.390565329844,0.260380145383
GAGAG,0.321995228868,0.590373432926,0.0876313382059
GAGAT,0.254270830363,0.661657536042,0.0840716335956
GAGCA,0.00001,0.00001,0.00001
GAGCC,0.00001,0.00001,0.00001
GAGCG,0.460331781953,0.299381012713,0.240287205334
GAGCT,0.443305280821,0.497734859278,0.0589598599011
GAGGA,0.423214665513,0.501249469904,0.0755358645827
GAGGC,0.485248656339,0.262687577664,0.252063765997
GAGGG,0.479619361811,0.2178210618,0.302559576389
GAGGT,0.497323413911,0.38381138815,0.118865197939
GAGTA,0.374851956097,0.523194903493,0.10195314041
GAGTC,0.499664081257,0.355058499921,0.145277418822
GAGTG,0.703006939553,0.13445510601,0.162537954437
GAGTT,0.31474697379,0.61243039747,0.0728226287404
GATAA,0.213551374974,0.565919152494,0.220529472531
GATAC,0.266333761398,0.336954053817,0.396712184785
GATAG,0.260408935213,0.185693918601,0.553897146186
GATAT,0.227800778047,0.643604011106,0.128595210847
GATCA,0.225634331274,0.352446462967,0.421919205759
GATCC,0.239026985092,0.445134581132,0.315838433776
GATCG,0.304738914366,0.372469329619,0.322791756014
GATCT,0.210672298171,0.420277349419,0.369050352411
GATGA,0.245783034346,0.44896313985,0.305253825804
GATGC,0.290506084346,0.323398020905,0.386095894748
GATGG,0.264139738168,0.410012475087,0.325847786745
GATGT,0.00001,0.00001,0.00001
GATTA,0.296028023831,0.450704040979,0.253267935189
GATTC,0.230244436002,0.447039148424,0.322716415574
GATTG,0.265773333786,0.247669990271,0.486556675944
GATTT,0.00001,0.00001,0.00001
GCAAA,0.244284418526,0.508227698675,0.247487882799
GCAAC,0.297416962769,0.483451947896,0.219131089335
GCAAG,0.546180496837,0.337004485862,0.116815017301
GCAAT,0.267758916988,0.579502566702,0.15273851631
GCACA,0.241727793979,0.505854195813,0.252418010208
GCACC,0.280714324329,0.432890637718,0.286395037953
GCACG,0.273389660539,0.49877744277,0.227832896692
GCACT,0.407284681357,0.292843113942,0.299872204701
GCAGA,0.268406382734,0.509415902595,0.222177714671
GCAGC,0.314193673477,0.472020681816,0.213785644707
GCAGG,0.297949323822,0.534569598764,0.167481077414
GCAGT,0.337141047115,0.424015476218,0.238843476667
GCATA,0.183535926882,0.600358838502,0.216105234616
GCATC,0.234679481634,0.522288769053,0.243031749313
GCATG,0.454703712464,0.16205561223,0.383240675305
GCATT,0.375799507367,0.328786950318,0.295413542315
GCCAA,0.52329443485,0.271446289288,0.205259275862
GCCAC,0.536222721899,0.220154590248,0.243622687853
GCCAG,0.494082532374,0.24830591305,0.257611554577
GCCAT,0.418593461804,0.227585735481,0.353820802714
GCCCA,0.267834243923,0.335769839841,0.396395916236
GCCCC,0.384559214306,0.272975371402,0.342465414292
GCCCG,0.400020452234,0.269749560702,0.330229987063
GCCCT,0.432836517299,0.252063997318,0.315099485383
GCCGA,0.42420268014,0.227987276047,0.347810043813
GCCGC,0.378432477161,0.223950788411,0.397616734428
GCCGG,0.616391077985,0.205982214697,0.177626707319
GCCGT,0.29959833169,0.20502829686,0.495373371449
GCCTA,0.24306371764,0.38504950151,0.37188678085
GCCTC,0.251710911336,0.355207112764,0.3930819759
GCCTG,0.291361486713,0.322612950881,0.386025562406
GCCTT,0.294220386478,0.253581887896,0.452197725626
GCGAA,0.5680235753,0.237059881053,0.194916543646
GCGAC,0.269854280431,0.323506007476,0.406639712093
GCGAG,0.382435161152,0.403500309468,0.21406452938
GCGAT,0.70417006789,0.152476297107,0.143353635003
GCGCA,0.362736067974,0.307346849348,0.329917082678
GCGCC,0.228109883013,0.385523463159,0.386366653828
GCGCG,0.00001,0.00001,0.00001
GCGCT,0.551023689404,0.29205799251,0.156918318086
GCGGA,0.554230309092,0.220512152573,0.225257538335
GCGGC,0.477859999895,0.292545812144,0.229594187961
GCGGG,0.463242022026,0.220477606709,0.316280371266
GCGGT,0.734127203302,0.146150460572,0.119722336126
GCGTA,0.746364146713,0.114323956145,0.139311897142
GCGTC,0.19549379964,0.662162357193,0.142343843167
GCGTG,0.202749309567,0.255640503984,0.541610186449
GCGTT,0.677803621704,0.142227953988,0.179968424307
GCTAA,0.335636105421,0.369613213798,0.294750680781
GCTAC,0.234483382675,0.578804694509,0.186711922816
GCTAG,0.160920681468,0.466613950144,0.372465368388
GCTAT,0.264004044293,0.509282780462,0.226713175245
GCTCA,0.201623624351,0.356624916668,0.441751458981
GCTCC,0.131427154853,0.582282526382,0.286290318765
GCTCG,0.111534403524,0.563036964989,0.325428631487
GCTCT,0.207988446423,0.206200118904,0.585811434673
GCTGA,0.199775147425,0.414043304108,0.386181548466
GCTGC,0.227667978618,0.501797870525,0.270534150857
GCTGG,0.148299774361,0.471868162303,0.379832063335
GCTGT,0.213787593074,0.460128664582,0.326083742344
GCTTA,0.207231756572,0.486430262221,0.306337981207
GCTTC,0.0927188499694,0.756887684466,0.150393465564
GCTTG,0.102233151282,0.611371080619,0.286395768099
GCTTT,0.280953546148,0.391600564798,0.327445889053
GGAAA,0.337183582721,0.516734389336,0.146082027943
GGAAC,0.00001,0.00001,0.00001
GGAAG,0.00001,0.00001,0.00001
GGAAT,0.239440686915,0.633134128252,0.127425184833
GGACA,0.3438528527,0.481388163316,0.174758983983
GGACC,0.34740302414,0.407379398496,0.245217577363
GGACG,0.281844752518,0.474029179962,0.24412606752
GGACT,0.413518707748,0.439292287394,0.147189004858
GGAGA,0.528595257294,0.329011722316,0.14239302039
GGAGC,0.272789065715,0.582562523927,0.144648410358
GGAGG,0.377384819241,0.452044218993,0.170570961765
GGAGT,0.386167022307,0.403806756775,0.210026220918
GGATA,0.451758792232,0.325997310073,0.222243897695
GGATC,0.301749628695,0.515924835694,0.182325535611
GGATG,0.309158350065,0.475228863475,0.215612786459
GGATT,0.477797457884,0.318675949113,0.203526593003
GGCAA,0.428980438905,0.422467941967,0.148551619128
GGCAC,0.437608148004,0.271299723146,0.291092128851
GGCAG,0.373600022493,0.366338562982,0.260061414524
GGCAT,0.348976175279,0.238156557712,0.412867267009
GGCCA,0.303196225596,0.474829116268,0.221974658135
GGCCC,0.235952741825,0.266944422161,0.497102836013
GGCCG,0.30097389595,0.415996684187,0.283029419863
GGCCT,0.394928344641,0.307672430117,0.297399225242
GGCGA,0.201696890333,0.0716724621448,0.726630647522
GGCGC,0.342639332969,0.254048289541,0.40331237749
GGCGG,0.300241688688,0.399433283368,0.300325027943
GGCGT,0.245695750057,0.216910409642,0.537393840302
GGCTA,0.294312806096,0.325945891181,0.379741302723
GGCTC,0.192463652896,0.350944097891,0.456592249213
GGCTG,0.247985369426,0.463728472161,0.288286158414
GGCTT,0.255038766782,0.312784127434,0.432177105784
GGGAA,0.54843944512,0.230261803471,0.221298751409
GGGAC,0.487280604898,0.282624829901,0.230094565201
GGGAG,0.485821961763,0.308059229274,0.206118808963
GGGAT,0.503681009572,0.338837257121,0.157481733308
GGGCA,0.79424703861,0.127946365242,0.0778065961478
GGGCC,0.377697942013,0.269724276195,0.352577781792
GGGCG,0.330431662366,0.408430485706,0.261137851928
GGGCT,0.523031935515,0.311180329481,0.165787735004
GGGGA,0.45361516818,0.238251327583,0.308133504237
GGGGC,0.304829885503,0.349632416712,0.345537697785
GGGGG,0.35288463074,0.286399918964,0.360715450297
GGGGT,0.645003578813,0.167491046696,0.187505374491
GGGTA,0.500337595966,0.339897314073,0.159765089961
GGGTC,0.377085270321,0.278168064226,0.344746665453
GGGTG,0.28743004755,0.448864865875,0.263705086575
GGGTT,0.504636505577,0.390500154638,0.104863339785
GGTAA,0.367792944312,0.348971982899,0.283235072789
GGTAC,0.363957033921,0.415376913366,0.220666052713
GGTAG,0.341410879416,0.408191331901,0.250397788683
GGTAT,0.3070242303,0.417061553413,0.275914216287
GGTCA,0.177453065899,0.387792194728,0.434754739372
GGTCC,0.153587397243,0.446251330246,0.400161272511
GGTCG,0.0826647863691,0.803497676181,0.113837537449
GGTCT,0.198295488989,0.296886437185,0.504818073827
GGTGA,0.181903111462,0.45348193325,0.364614955288
GGTGC,0.280698278505,0.408237427154,0.311064294342
GGTGG,0.284059846134,0.435682500334,0.280257653532
GGTGT,0.568263524856,0.209478653585,0.22225782156
GGTTA,0.224018882763,0.547405834458,0.22857528278
GGTTC,0.171495325974,0.479206272426,0.3492984016
GGTTG,0.174811095044,0.152582185185,0.672606719772
GGTTT,0.266519896851,0.402254022096,0.331226081053
GTAAA,0.350116863928,0.436483536744,0.213399599328
GTAAC,0.212737213541,0.633721819505,0.153540966953
GTAAG,0.639951602158,0.283056372556,0.0769920252854
GTAAT,0.295911238721,0.482731961285,0.221356799994
GTACA,0.304614111535,0.434988916851,0.260396971614
GTACC,0.168454396897,0.569081175683,0.262464427421
GTACG,0.364712910682,0.32410328551,0.311183803807
GTACT,0.0954063934094,0.595255347691,0.3093382589
GTAGA,0.17367101701,0.585201291231,0.241127691758
GTAGC,0.208681886681,0.606633482966,0.184684630353
GTAGG,0.284398916977,0.379659837593,0.33594124543
GTAGT,0.209869538973,0.651303764481,0.138826696547
GTATA,0.284038749302,0.305627490098,0.4103337606
GTATC,0.241847132377,0.160357484276,0.597795383347
GTATG,0.420770899151,0.142822456738,0.436406644111
GTATT,0.194026881791,0.351402635125,0.454570483084
GTCAA,0.500392070545,0.269831020863,0.229776908593
GTCAC,0.440187628649,0.268174281378,0.291638089973
GTCAG,0.398894632326,0.23688825995,0.364217107723
GTCAT,0.00001,0.00001,0.00001
GTCCA,0.406271138351,0.319437497171,0.274291364478
GTCCC,0.382010924473,0.281985082684,0.336003992842
GTCCG,0.327549826288,0.237997541799,0.434452631913
GTCCT,0.390393829056,0.22350681166,0.386099359284
GTCGA,0.518338020283,0.323393706019,0.158268273698
GTCGC,0.0862198013399,0.0747138367406,0.839066361919
GTCGG,0.241313894841,0.304557373374,0.454128731785
GTCGT,0.393006255088,0.324276448737,0.282717296175
GTCTA,0.153447824598,0.466019964409,0.380532210992
GTCTC,0.212702561065,0.391924963978,0.395372474957
GTCTG,0.336651238473,0.256331196244,0.407017565283
GTCTT,0.244754150295,0.285199958662,0.470045891044
GTGAA,0.384159825711,0.232383913513,0.383456260776
GTGAC,0.404876311966,0.313004963246,0.282118724789
GTGAG,0.5159816589,0.342115569147,0.141902771953
GTGAT,0.466922404559,0.302621136256,0.230456459185
GTGCA,0.451733076945,0.190919178396,0.357347744659
GTGCC,0.311286672496,0.263745396822,0.424967930682
GTGCG,0.532781032427,0.151341332527,0.315877635046
GTGCT,0.587277596604,0.176937781938,0.235784621457
GTGGA,0.437445531124,0.184130967818,0.378423501059
GTGGC,0.377411909904,0.219837386211,0.402750703885
GTGGG,0.284373429375,0.205033264347,0.510593306278
GTGGT,0.569142590706,0.213505978398,0.217351430896
GTGTA,0.367253294243,0.372485329171,0.260261376586
GTGTC,0.273934409467,0.450216589728,0.275849000805
GTGTG,0.383450417107,0.245661703422,0.370887879471
GTGTT,0.00001,0.00001,0.00001
GTTAA,0.00001,0.00001,0.00001
GTTAC,0.242441369061,0.483606853062,0.273951777876
GTTAG,0.378636822364,0.288313820895,0.333049356741
GTTAT,0.20004663815,0.516168334635,0.283785027215
GTTCA,0.189577573403,0.340031145655,0.470391280941
GTTCC,0.283137365539,0.171805822571,0.54505681189
GTTCG,0.106382541991,0.858156609268,0.035460848741
GTTCT,0.262303443682,0.275866756166,0.461829800151
GTTGA,0.00001,0.00001,0.00001
GTTGC,0.438682376121,0.357426358103,0.203891265777
GTTGG,0.173151522928,0.411845066461,0.415003410611
GTTGT,0.283853129184,0.379001370201,0.337145500615
GTTTA,0.19497901888,0.489542416319,0.315478564802
GTTTC,0.139002146918,0.538653007717,0.322344845365
GTTTG,0.304577785873,0.321367243466,0.374054970661
GTTTT,0.22481570519,0.392279758234,0.382904536576
TAAAA,0.139577489376,0.75675960473,0.103662905894
TAAAC,0.285700988603,0.428721585484,0.285577425913
TAAAG,0.354452963888,0.569765395044,0.075781641068
TAAAT,0.475108435375,0.285401396882,0.239490167743
TAACA,0.277648722957,0.553947252559,0.168404024484
TAACC,0.30476612526,0.422817684758,0.272416189983
TAACG,0.426408184666,0.418119191997,0.155472623336
TAACT,0.508430094273,0.264641862568,0.226928043159
TAAGA,0.316683884069,0.568786894798,0.114529221133
TAAGC,0.232377461424,0.652990419476,0.1146321191
TAAGG,0.480306562618,0.360688230421,0.159005206961
TAAGT,0.00001,0.00001,0.00001
TAATA,0.264953859674,0.514089129128,0.220957011198
TAATC,0.249806102053,0.535623118544,0.214570779403
TAATG,0.301254902118,0.430104355249,0.268640742634
TAATT,0.380006021778,0.458304147767,0.161689830455
TACAA,0.210115270007,0.138071971477,0.651812758516
TACAC,0.174873460748,0.123716756537,0.701409782715
TACAG,0.26667892011,0.202784807304,0.530536272587
TACAT,0.136968472318,0.104446141326,0.758585386356
TACCA,0.294947637629,0.332748310644,0.372304051727
TACCC,0.00001,0.00001,0.00001
TACCG,0.250478016911,0.39043737219,0.359084610899
TACCT,0.138054539518,0.0902744051685,0.771671055314
TACGA,0.202704204227,0.20553868584,0.591757109933
TACGC,0.0904450481439,0.0665466527583,0.843008299098
TACGG,0.056679236532,0.0867923150917,0.856528448376
TACGT,0.00001,0.00001,0.00001
TACTA,0.104636681981,0.177328800976,0.718034517043
TACTC,0.00001,0.00001,0.00001
TACTG,0.0436533319281,0.0549851075379,0.901361560534
TACTT,0.208510633013,0.206834451425,0.584654915562
TAGAA,0.729487916108,0.188330058454,0.0821820254377
TAGAC,0.392000323195,0.341741772323,0.266257904482
TAGAG,0.253341270698,0.507531086354,0.239127642948
TAGAT,0.713887792375,0.142897636416,0.143214571209
TAGCA,0.48140520269,0.39137810823,0.12721668908
TAGCC,0.479183548568,0.323978340932,0.196838110501
TAGCG,0.283606376847,0.576703599345,0.139690023808
TAGCT,0.571656084047,0.357755621153,0.0705882947993
